0.000000000000000000e+00 7.151111111111110574e+01 6.060566666666666151e+02 5.577866666666666333e+02 2.717422222222222103e+02 9.278566666666665697e+02 2.949833333333332916e+02 3.915233333333333121e+02 9.207055555555555202e+02 8.295288888888889005e+02 4.826999999999999886e+02 3.575555555555555429e+02 2.073822222222222251e+02 2.878322222222221853e+02 7.651688888888888869e+02 9.832777777777776862e+01 1.047637777777777728e+03 4.648222222222221944e+02 3.629188888888888869e+02 1.092332222222222072e+03 3.879477777777777305e+02 4.201277777777777374e+02
0.000000000000000000e+00 0.000000000000000000e+00 5.345455555555555520e+02 4.862755555555555134e+02 2.002311111111110904e+02 9.457344444444444207e+02 2.949833333333332916e+02 4.630344444444444321e+02 9.636122222222221581e+02 8.474066666666666379e+02 5.434844444444444207e+02 2.860444444444444230e+02 2.610155555555555225e+02 3.396777777777777487e+02 7.830466666666666242e+02 5.005777777777777260e+01 9.779144444444443707e+02 5.256066666666666833e+02 4.237033333333333189e+02 1.022608888888888828e+03 3.164366666666666674e+02 4.809122222222222263e+02
0.000000000000000000e+00 0.000000000000000000e+00 0.000000000000000000e+00 1.430222222222222115e+02 3.361022222222222240e+02 4.648222222222221944e+02 6.382366666666666788e+02 6.310855555555555156e+02 8.527699999999999818e+02 4.022500000000000000e+02 7.079599999999999227e+02 2.502888888888888630e+02 7.991366666666666561e+02 8.777988888888888823e+02 3.325266666666666424e+02 5.220311111111110449e+02 4.683977777777777760e+02 8.420433333333332939e+02 7.008088888888888732e+02 5.130922222222221762e+02 2.198966666666666470e+02 6.882944444444443661e+02
0.000000000000000000e+00 0.000000000000000000e+00 0.000000000000000000e+00 0.000000000000000000e+00 2.878322222222221853e+02 6.221466666666666470e+02 5.899666666666665833e+02 7.669566666666665924e+02 9.868533333333332394e+02 5.595744444444444525e+02 8.438311111111111131e+02 2.002311111111110904e+02 7.544422222222221990e+02 8.331044444444444252e+02 4.898511111111110949e+02 4.737611111111110631e+02 6.239344444444444662e+02 9.779144444444443707e+02 8.366799999999999500e+02 6.686288888888888096e+02 1.698388888888888744e+02 8.241655555555555566e+02
0.000000000000000000e+00 0.000000000000000000e+00 0.000000000000000000e+00 0.000000000000000000e+00 0.000000000000000000e+00 8.205899999999999181e+02 3.253755555555555361e+02 5.881788888888888778e+02 8.885255555555554565e+02 7.222622222222221353e+02 6.632655555555554656e+02 9.117666666666666231e+01 4.683977777777777760e+02 5.488477777777777646e+02 6.579022222222222354e+02 1.895044444444444309e+02 8.170144444444443934e+02 7.490788888888888550e+02 6.561144444444444161e+02 8.617088888888888505e+02 1.215688888888888783e+02 6.436000000000000227e+02
0.000000000000000000e+00 0.000000000000000000e+00 0.000000000000000000e+00 0.000000000000000000e+00 0.000000000000000000e+00 0.000000000000000000e+00 1.115573333333333267e+03 9.028277777777777828e+02 1.015457777777777778e+03 1.555366666666666617e+02 9.797022222222221899e+02 7.294133333333332985e+02 1.138814444444444462e+03 1.226415555555555557e+03 1.322955555555555520e+02 9.457344444444444207e+02 3.378899999999999864e+02 1.113785555555555447e+03 9.725511111111110267e+02 4.165522222222222126e+02 6.990211111111110540e+02 9.600366666666666333e+02
0.000000000000000000e+00 0.000000000000000000e+00 0.000000000000000000e+00 0.000000000000000000e+00 0.000000000000000000e+00 0.000000000000000000e+00 0.000000000000000000e+00 6.328733333333333348e+02 1.178145555555555575e+03 1.011882222222222140e+03 7.276255555555554793e+02 3.897355555555555497e+02 2.270477777777777533e+02 2.896200000000000045e+02 9.475222222222221262e+02 2.788933333333333167e+02 1.119148888888888905e+03 7.025966666666665787e+02 6.114199999999999591e+02 1.163843333333333248e+03 4.201277777777777374e+02 6.632655555555554656e+02
0.000000000000000000e+00 0.000000000000000000e+00 0.000000000000000000e+00 0.000000000000000000e+00 0.000000000000000000e+00 0.000000000000000000e+00 0.000000000000000000e+00 0.000000000000000000e+00 8.366799999999999500e+02 7.901977777777777874e+02 7.866222222222221205e+01 6.632655555555554656e+02 5.309700000000000273e+02 6.203588888888888278e+02 7.276255555555554793e+02 4.916388888888888573e+02 1.051213333333333367e+03 2.413499999999999943e+02 1.126299999999999955e+02 1.095907777777777710e+03 6.882944444444443661e+02 5.542111111111110944e+01
0.000000000000000000e+00 0.000000000000000000e+00 0.000000000000000000e+00 0.000000000000000000e+00 0.000000000000000000e+00 0.000000000000000000e+00 0.000000000000000000e+00 0.000000000000000000e+00 0.000000000000000000e+00 9.064033333333333076e+02 9.117666666666666515e+02 9.653999999999999773e+02 1.124512222222222135e+03 1.212113333333333230e+03 8.420433333333332939e+02 1.004731111111111090e+03 1.197811111111111131e+03 1.045849999999999909e+03 9.046155555555554884e+02 1.242505555555555475e+03 9.904288888888888778e+02 8.921011111111110949e+02
0.000000000000000000e+00 0.000000000000000000e+00 0.000000000000000000e+00 0.000000000000000000e+00 0.000000000000000000e+00 0.000000000000000000e+00 0.000000000000000000e+00 0.000000000000000000e+00 0.000000000000000000e+00 0.000000000000000000e+00 8.777988888888888823e+02 6.686288888888888096e+02 1.036911111111111040e+03 1.124512222222222135e+03 7.329888888888888232e+01 8.438311111111111131e+02 4.576711111111110881e+02 1.011882222222222140e+03 8.706477777777777192e+02 5.023655555555555452e+02 6.382366666666666788e+02 8.581333333333333258e+02
0.000000000000000000e+00 0.000000000000000000e+00 0.000000000000000000e+00 0.000000000000000000e+00 0.000000000000000000e+00 0.000000000000000000e+00 0.000000000000000000e+00 0.000000000000000000e+00 0.000000000000000000e+00 0.000000000000000000e+00 0.000000000000000000e+00 7.383522222222221671e+02 6.257222222222221717e+02 7.151111111111110858e+02 8.009244444444443616e+02 5.756644444444443707e+02 1.126299999999999955e+03 1.966555555555555372e+02 8.581333333333333258e+01 1.170994444444444298e+03 7.633811111111110677e+02 1.787777777777777688e+00
0.000000000000000000e+00 0.000000000000000000e+00 0.000000000000000000e+00 0.000000000000000000e+00 0.000000000000000000e+00 0.000000000000000000e+00 0.000000000000000000e+00 0.000000000000000000e+00 0.000000000000000000e+00 0.000000000000000000e+00 0.000000000000000000e+00 0.000000000000000000e+00 5.542111111111111086e+02 6.346611111111110404e+02 5.953299999999999272e+02 2.735299999999999727e+02 7.294133333333332985e+02 8.348922222222221308e+02 7.419277777777776919e+02 7.741077777777777555e+02 3.217999999999999972e+01 7.294133333333332985e+02
0.000000000000000000e+00 0.000000000000000000e+00 0.000000000000000000e+00 0.000000000000000000e+00 0.000000000000000000e+00 0.000000000000000000e+00 0.000000000000000000e+00 0.000000000000000000e+00 0.000000000000000000e+00 0.000000000000000000e+00 0.000000000000000000e+00 0.000000000000000000e+00 0.000000000000000000e+00 1.269322222222222223e+02 9.689755555555555020e+02 2.824688888888888982e+02 1.244293333333333294e+03 6.006933333333332712e+02 5.095166666666666515e+02 1.288987777777777637e+03 5.846033333333333530e+02 5.613622222222221581e+02
0.000000000000000000e+00 0.000000000000000000e+00 0.000000000000000000e+00 0.000000000000000000e+00 0.000000000000000000e+00 0.000000000000000000e+00 0.000000000000000000e+00 0.000000000000000000e+00 0.000000000000000000e+00 0.000000000000000000e+00 0.000000000000000000e+00 0.000000000000000000e+00 0.000000000000000000e+00 0.000000000000000000e+00 1.056576666666666597e+03 3.664944444444444116e+02 1.324743333333333339e+03 6.900822222222221853e+02 5.989055555555555657e+02 1.369437777777777683e+03 6.650533333333332848e+02 6.507511111111110722e+02
0.000000000000000000e+00 0.000000000000000000e+00 0.000000000000000000e+00 0.000000000000000000e+00 0.000000000000000000e+00 0.000000000000000000e+00 0.000000000000000000e+00 0.000000000000000000e+00 0.000000000000000000e+00 0.000000000000000000e+00 0.000000000000000000e+00 0.000000000000000000e+00 0.000000000000000000e+00 0.000000000000000000e+00 0.000000000000000000e+00 7.848344444444444434e+02 3.861599999999999682e+02 9.528855555555554702e+02 8.116511111111110495e+02 4.308544444444444252e+02 5.667255555555555020e+02 7.991366666666666561e+02
0.000000000000000000e+00 0.000000000000000000e+00 0.000000000000000000e+00 0.000000000000000000e+00 0.000000000000000000e+00 0.000000000000000000e+00 0.000000000000000000e+00 0.000000000000000000e+00 0.000000000000000000e+00 0.000000000000000000e+00 0.000000000000000000e+00 0.000000000000000000e+00 0.000000000000000000e+00 0.000000000000000000e+00 0.000000000000000000e+00 0.000000000000000000e+00 9.689755555555555020e+02 5.542111111111111086e+02 4.523077777777777442e+02 1.013669999999999959e+03 3.039222222222222172e+02 5.095166666666666515e+02
0.000000000000000000e+00 0.000000000000000000e+00 0.000000000000000000e+00 0.000000000000000000e+00 0.000000000000000000e+00 0.000000000000000000e+00 0.000000000000000000e+00 0.000000000000000000e+00 0.000000000000000000e+00 0.000000000000000000e+00 0.000000000000000000e+00 0.000000000000000000e+00 0.000000000000000000e+00 0.000000000000000000e+00 0.000000000000000000e+00 0.000000000000000000e+00 0.000000000000000000e+00 1.267534444444444489e+03 1.126299999999999955e+03 1.376588888888888960e+02 7.025966666666665787e+02 1.113785555555555447e+03
0.000000000000000000e+00 0.000000000000000000e+00 0.000000000000000000e+00 0.000000000000000000e+00 0.000000000000000000e+00 0.000000000000000000e+00 0.000000000000000000e+00 0.000000000000000000e+00 0.000000000000000000e+00 0.000000000000000000e+00 0.000000000000000000e+00 0.000000000000000000e+00 0.000000000000000000e+00 0.000000000000000000e+00 0.000000000000000000e+00 0.000000000000000000e+00 0.000000000000000000e+00 0.000000000000000000e+00 1.430222222222222115e+02 1.308653333333333194e+03 8.634966666666666697e+02 1.912922222222222217e+02
0.000000000000000000e+00 0.000000000000000000e+00 0.000000000000000000e+00 0.000000000000000000e+00 0.000000000000000000e+00 0.000000000000000000e+00 0.000000000000000000e+00 0.000000000000000000e+00 0.000000000000000000e+00 0.000000000000000000e+00 0.000000000000000000e+00 0.000000000000000000e+00 0.000000000000000000e+00 0.000000000000000000e+00 0.000000000000000000e+00 0.000000000000000000e+00 0.000000000000000000e+00 0.000000000000000000e+00 0.000000000000000000e+00 1.167418888888888887e+03 7.598055555555555429e+02 6.257222222222221575e+01
0.000000000000000000e+00 0.000000000000000000e+00 0.000000000000000000e+00 0.000000000000000000e+00 0.000000000000000000e+00 0.000000000000000000e+00 0.000000000000000000e+00 0.000000000000000000e+00 0.000000000000000000e+00 0.000000000000000000e+00 0.000000000000000000e+00 0.000000000000000000e+00 0.000000000000000000e+00 0.000000000000000000e+00 0.000000000000000000e+00 0.000000000000000000e+00 0.000000000000000000e+00 0.000000000000000000e+00 0.000000000000000000e+00 0.000000000000000000e+00 7.490788888888888550e+02 1.160267777777777610e+03
0.000000000000000000e+00 0.000000000000000000e+00 0.000000000000000000e+00 0.000000000000000000e+00 0.000000000000000000e+00 0.000000000000000000e+00 0.000000000000000000e+00 0.000000000000000000e+00 0.000000000000000000e+00 0.000000000000000000e+00 0.000000000000000000e+00 0.000000000000000000e+00 0.000000000000000000e+00 0.000000000000000000e+00 0.000000000000000000e+00 0.000000000000000000e+00 0.000000000000000000e+00 0.000000000000000000e+00 0.000000000000000000e+00 0.000000000000000000e+00 0.000000000000000000e+00 7.562300000000000182e+02
0.000000000000000000e+00 0.000000000000000000e+00 0.000000000000000000e+00 0.000000000000000000e+00 0.000000000000000000e+00 0.000000000000000000e+00 0.000000000000000000e+00 0.000000000000000000e+00 0.000000000000000000e+00 0.000000000000000000e+00 0.000000000000000000e+00 0.000000000000000000e+00 0.000000000000000000e+00 0.000000000000000000e+00 0.000000000000000000e+00 0.000000000000000000e+00 0.000000000000000000e+00 0.000000000000000000e+00 0.000000000000000000e+00 0.000000000000000000e+00 0.000000000000000000e+00 0.000000000000000000e+00
